static/data/gfs.json
{"header": {"discipline":0,"disciplineName":"Meteorological products","gribEdition":2,"gribLength":73752,"center":7,"centerName":"US National Weather Service - NCEP(WMC)","subcenter":0,"refTime":"2019-01-17T00:00:00.000Z","significanceOfRT":1,"significanceOfRTName":"Start of forecast","productStatus":0,"productStatusName":"Operational products","productType":1,"productTypeName":"Forecast products","productDefinitionTemplate":0,"productDefinitionTemplateName":"Analysis/forecast at horizontal level/layer at a point in time","parameterCategory":2,"parameterCategoryName":"Momentum","parameterNumber":2,"parameterNumberName":"U-component_of_wind","parameterUnit":"m.s-1","genProcessType":2,"genProcessTypeName":"Forecast","forecastTime":6,"surface1Type":103,"surface1TypeName":"Specified height level above ground","surface1Value":10.0,"surface2Type":255,"surface2TypeName":"Missing","surface2Value":0.0,"gridDefinitionTemplate":0,"gridDefinitionTemplateName":"Latitude_Longitude","numberPoints":65160,"shape":6,"shapeName":"Earth spherical with radius of 6,371,229.0 m","gridUnits":"degrees","resolution":48,"winds":"true","scanMode":0,"nx":360,"ny":181,"basicAngle":0,"lo1":0.0,"la1":90.0,"lo2":359.0,"la2":-90.0,"dx":1.0,"dy":1.0}, "data":
[rows 150 to 174 of 181, columns 290 to 347 of 360]
4.3746557,3.8246558,3.4446557,3.8946557,4.5146556,5.2046556,6.234656,7.594656,8.214656,8.424656,8.584656,8.664656,8.524655,8.264656,7.654656,7.0346556,5.7246556,5.594656,7.444656,8.404655,8.954656,9.024655,9.054656,9.154655,9.104656,10.004656,10.754656,11.824656,13.214656,14.684656,15.724656,16.994656,17.114656,16.344656,14.354656,12.784656,10.324656,10.354656,8.654655,7.024656,6.8046556,6.7246556,6.4946556,6.634656,6.2046556,5.654656,4.4146557,2.8046558,0.8146558,-0.64534426,-1.0153443,-0.98534423,-0.27534425,0.17465577,0.8046558,2.4046557,2.6246557,3.4346557
2.6046557,3.0146558,3.2446558,3.6946557,4.3246555,5.4346557,6.654656,7.694656,8.274655,8.504656,8.344656,8.344656,8.354656,7.3546557,5.3546557,2.9846559,4.484656,5.814656,7.1046557,7.814656,8.044656,8.264656,8.164656,8.134656,7.9946556,8.704656,9.3646555,10.324656,11.384656,12.284656,12.184656,11.004656,7.7246556,6.0146556,6.464656,5.614656,4.3046556,4.4146557,4.5146556,4.5546556,5.254656,5.3046556,4.594656,4.6246557,4.614656,3.3446558,1.3846557,-0.51534426,-1.9453442,-2.3053443,-2.7153442,-2.8153443,-1.5253443,-0.54534423,0.7546558,2.2646558,2.5746558,3.6646557
1.5046557,1.9446558,2.4346557,3.1346557,4.2446556,5.4346557,6.344656,7.4546556,8.264656,8.424656,8.324656,5.3946557,5.1046557,4.9946556,4.234656,3.3946557,4.3046556,5.924656,6.674656,6.8046556,7.294656,7.8746557,7.424656,7.1646557,6.844656,6.924656,7.444656,7.794656,7.884656,7.544656,6.524656,4.7846556,1.8546557,0.84465575,-0.13534424,-0.5053442,-0.19534424,0.5046558,1.2846558,2.1546557,3.2646558,2.2346559,1.1546558,1.3346558,0.9446558,-0.9953442,-2.7653441,-3.7653441,-3.9753442,-4.5853443,-3.8653443,-2.7253442,-0.9453442,-0.21534424,0.9946558,1.7446557,2.6746557,3.7046556
0.45465577,0.8746558,1.5046557,2.8046558,3.8946557,4.814656,6.364656,6.794656,7.024656,7.594656,6.044656,2.9146557,1.0846558,-0.06534424,1.3746557,2.9646559,5.314656,5.424656,6.134656,5.404656,5.3946557,5.4346557,5.314656,5.2246556,4.754656,5.044656,4.404656,4.6046557,3.7246559,2.7246559,0.73465574,0.09465576,-0.015344238,-1.4653442,-1.9853443,-1.9853443,-1.1553442,-1.2153442,-1.4353442,-0.8753442,-0.79534423,-1.1353443,-1.4053442,-2.6653442,-3.6953442,-5.1453443,-5.805344,-6.115344,-6.455344,-5.6053443,-4.285344,-2.6753442,-1.1753442,-0.42534423,0.53465575,1.5246558,2.5446558,3.0746558
0.0046557616,0.30465576,1.4146558,2.2546558,3.1646557,3.9146557,6.084656,4.584656,4.7846556,0.59465575,-1.7453443,2.8946557,0.8046558,1.5846558,3.3846557,4.0546556,4.4346557,4.814656,4.904656,4.924656,4.6646557,4.314656,4.4146557,3.4346557,3.3146558,3.0246558,2.4546556,1.7446557,0.47465575,-1.1553442,-2.4753442,-4.6753445,-6.095344,-4.885344,-4.1753445,-3.9053442,-3.9353442,-3.6953442,-3.7253442,-4.115344,-4.3953443,-4.975344,-6.3353443,-7.635344,-8.405344,-8.585344,-9.205344,-8.745344,-7.4653444,-5.8953443,-4.2753444,-2.8753443,-1.9653442,-0.96534425,0.30465576,2.0146558,3.3246558,3.3346558
-0.05534424,0.16465576,0.60465574,0.89465576,1.6446557,0.09465576,0.8246558,0.17465577,1.4146558,0.39465576,-0.36534423,1.2446557,1.7046558,2.3546557,3.1546557,3.3746557,3.5546558,3.8346558,3.9446557,3.9346557,3.9346557,3.2446558,2.8446558,2.0246558,2.0746558,1.4646558,0.5746558,-0.6953442,-1.8553443,-3.0453444,-4.685344,-6.285344,-7.975344,-10.365344,-11.085344,-10.975345,-12.195344,-10.155344,-10.025344,-10.265345,-11.035344,-12.415344,-12.555345,-12.395344,-12.195344,-11.475345,-10.205344,-8.655344,-6.955344,-5.2953444,-4.1753445,-3.3553443,-2.1353443,-1.3253442,-1.4353442,-1.0353442,0.37465575,1.9046558
-1.1653442,-1.5353442,-1.2853442,-1.4953443,-1.7153442,-1.3553443,0.45465577,2.5946558,-1.9853443,-0.38534424,0.58465576,0.66465575,1.1846558,1.9446558,2.0946558,2.1346557,2.4146557,2.7046556,2.8746557,2.9446557,2.9646559,2.2346559,1.4746557,0.98465574,1.2146558,0.72465575,-0.25534424,-1.1553442,-2.3353443,-3.1453443,-4.5653443,-6.305344,-7.865344,-9.185345,-10.515345,-13.215344,-14.845345,-15.305345,-15.095345,-15.105344,-14.845345,-14.395344,-13.945344,-12.8853445,-11.655344,-10.285344,-8.565344,-7.095344,-5.8353443,-5.015344,-4.2353444,-3.9653442,-3.6653442,-2.8253443,-1.5553442,-0.9353442,-0.9353442,-0.6253442
-4.725344,-5.2553444,-2.0953443,-0.44534424,-0.84534425,0.8846558,-2.5253441,-1.8753443,-1.3753443,-0.34534425,0.71465576,0.6946558,0.97465575,1.1146557,1.0746558,1.2646557,1.5846558,1.9646558,2.1146557,2.1446557,2.0046558,1.6746558,1.1046557,0.37465575,0.39465576,-0.36534423,-1.3753443,-2.3253443,-2.9353442,-3.6353443,-6.0053444,-7.885344,-9.185345,-10.145344,-11.615344,-12.485344,-13.225345,-13.325344,-13.675344,-13.375344,-13.075344,-12.555345,-11.745344,-10.615344,-9.315344,-7.995344,-7.0053444,-6.0453444,-5.5653443,-5.2753444,-4.8753443,-4.1453443,-3.2853441,-2.6453443,-2.3953443,-2.3553443,-1.6153443,-0.08534424
-3.9453442,-3.5453444,-1.9153442,-2.8853443,0.22465576,-1.3953443,-0.71534425,-0.82534426,-0.36534423,0.15465575,0.38465577,0.65465575,0.84465575,0.96465576,1.0546558,1.1146557,1.3146558,1.5446558,1.6246557,1.7046558,1.6146557,1.2646557,0.8846558,-0.16534424,-0.43534425,-0.66534424,-2.5953443,-2.5853443,-4.495344,-5.115344,-5.6953444,-6.5653443,-7.3953443,-7.935344,-8.915344,-9.745344,-10.445344,-10.795344,-10.785344,-10.655344,-10.675344,-10.125344,-9.245344,-8.195344,-7.4653444,-7.1453443,-6.995344,-6.7953444,-6.265344,-5.7553444,-5.285344,-4.5053444,-3.5153441,-2.8453443,-2.3253443,-1.3753443,-0.41534424,0.31465575
-0.83534425,-2.7453442,-1.3553443,-2.7553442,-2.3453443,0.42465577,2.3046558,0.29465577,-0.82534426,-0.21534424,0.104655765,0.05465576,0.31465575,0.71465576,1.1146557,1.1746558,0.76465577,0.67465574,1.0246558,1.2746558,1.2246557,0.89465576,0.58465576,-0.23534423,-1.4253442,-2.1953442,-3.4753442,-4.2353444,-4.8353443,-5.2753444,-5.5453444,-5.955344,-6.4653444,-7.225344,-7.8753443,-8.405344,-9.055345,-9.245344,-9.225345,-8.8853445,-8.605344,-8.265345,-8.345345,-8.595345,-8.335344,-7.845344,-7.2553444,-6.655344,-6.0053444,-5.225344,-4.7753444,-4.6453443,-3.9853442,-2.8553443,-1.9953443,-1.6453443,-1.2853442,-1.3053442
-5.635344,-0.17534424,-4.575344,-6.285344,-4.055344,-0.31534424,3.1746557,2.3646557,0.52465576,-1.4853443,-1.7853442,-1.2153442,-0.19534424,0.35465577,0.67465574,0.9346558,0.35465577,-0.44534424,-0.015344238,0.59465575,0.77465576,0.5546558,0.15465575,-0.65534425,-1.8553443,-2.6853442,-3.1653442,-3.5153441,-3.7253442,-4.4253445,-5.935344,-6.4653444,-7.3953443,-7.2553444,-7.595344,-8.105344,-8.305345,-7.4653444,-7.205344,-8.055345,-8.235344,-8.705344,-8.305345,-7.6253443,-7.345344,-6.975344,-6.555344,-6.475344,-6.555344,-6.285344,-5.165344,-3.8753443,-3.5153441,-3.8853443,-3.7853441,-2.9353442,-2.5453444,-3.1853442
-6.2753444,-2.8453443,-0.97534424,-5.4453444,-4.705344,-2.5253441,1.3246558,2.5646558,1.7946558,0.11465576,-0.24534424,0.06465576,0.044655763,0.38465577,1.1146557,1.3946557,-0.28534424,-1.8753443,-1.1353443,-0.14534424,0.38465577,0.22465576,-0.51534426,-1.2153442,-2.0353441,-2.4953442,-2.7653441,-2.9653442,-3.2353442,-3.5653443,-3.8353443,-4.3553443,-5.555344,-6.995344,-6.745344,-6.635344,-6.7953444,-7.285344,-7.745344,-7.8353443,-7.515344,-7.0453444,-6.685344,-6.285344,-6.4653444,-7.055344,-7.285344,-6.825344,-5.8353443,-4.0053444,-3.4753442,-3.5153441,-3.3853443,-3.1453443,-2.8453443,-2.7053442,-2.7953444,-3.0153441
-6.185344,-3.4353442,-1.6153443,-5.205344,-6.7153444,-4.865344,-0.42534423,1.9446558,0.48465577,1.0646558,0.59465575,0.044655763,0.11465576,0.024655761,-0.14534424,-0.9353442,-1.6753442,-1.1753442,-0.22534424,0.22465576,0.18465576,0.12465576,-0.40534425,-1.0153443,-1.5153443,-2.1753442,-2.8053443,-3.1853442,-3.5053442,-3.7453442,-4.035344,-4.3753443,-4.7553444,-5.155344,-5.5053444,-5.495344,-5.5253444,-5.365344,-5.135344,-5.905344,-6.4853444,-6.2753444,-5.9253445,-6.265344,-6.955344,-6.325344,-4.655344,-3.6653442,-3.2653441,-3.1853442,-3.2653441,-3.2553442,-3.1353443,-2.9753442,-2.6553442,-2.4253442,-2.4353442,-2.2153442
-5.685344,-5.7753444,-6.1453443,-6.6753445,-5.8153443,-4.405344,-0.60534424,2.1046557,2.4246557,2.8446558,1.8846557,1.4146558,1.6946558,1.4546558,0.91465575,0.77465576,0.84465575,0.8046558,0.71465576,0.5046558,0.15465575,-0.09534424,-0.15534423,-0.48534423,-1.6053443,-2.4453442,-2.7753441,-3.0953443,-3.3153443,-3.5053442,-3.6953442,-3.8753443,-4.0653443,-4.225344,-4.515344,-4.805344,-5.095344,-5.4853444,-5.635344,-5.5053444,-5.345344,-5.135344,-4.845344,-4.555344,-3.9653442,-3.2853441,-2.8153443,-2.8953443,-3.6153443,-4.155344,-4.135344,-3.2453442,-2.4253442,-2.1753442,-3.1053443,-3.0553443,-3.0653443,-4.245344
-5.705344,-5.435344,-4.955344,-3.1653442,0.074655764,1.5046557,2.6246557,1.9646558,2.4246557,2.4546556,2.3746557,2.5846558,2.5146558,2.2946558,2.1346557,1.9246558,1.7946558,1.7646557,1.4746557,0.9946558,0.61465573,0.32465577,-0.09534424,-0.58534425,-1.0153443,-1.6853442,-2.3253443,-2.7953444,-3.0453444,-3.0953443,-3.0953443,-3.1353443,-3.1953442,-3.3353443,-3.4653442,-3.5853443,-3.6953442,-3.6953442,-3.5553443,-3.3753443,-3.1953442,-3.0653443,-2.9453442,-2.7853441,-2.6953442,-2.8553443,-3.2953444,-3.8253443,-4.0053444,-3.8553443,-3.2953444,-2.6953442,-2.3553443,-1.9553442,-1.7153442,-2.8053443,-5.245344,-6.6753445
-1.1253443,-1.2353443,-0.89534426,0.92465574,2.3846557,2.3246558,1.9746557,1.8546557,2.8446558,3.2546558,2.4846559,1.8846557,1.4846557,1.4546558,1.5346558,1.6646558,1.8446558,2.0146558,2.0446558,1.8846557,1.3046558,0.09465576,-1.2353443,-1.9653442,-2.0853443,-2.1053443,-2.2153442,-2.4453442,-2.9153442,-3.4253442,-3.4353442,-3.4153442,-3.2453442,-3.0853443,-3.0653443,-2.9453442,-2.8353443,-2.7053442,-2.4553442,-2.1453443,-2.1753442,-2.8553443,-3.9153442,-4.8753443,-5.405344,-5.655344,-5.4853444,-4.685344,-3.9353442,-3.1353443,-2.0353441,-1.7753443,-2.8553443,-3.6353443,-3.4153442,-3.7253442,-4.405344,-3.6553442
-1.3353442,-0.33534423,-0.025344238,0.78465575,0.47465575,0.51465577,0.95465577,0.8846558,0.8146558,1.1946558,1.9946557,2.5046558,1.7946558,-0.005344238,-1.6553442,-2.6553442,-3.2053442,-3.9353442,-4.685344,-5.2353444,-5.3953443,-5.265344,-5.0853443,-4.805344,-4.3153443,-3.6353443,-2.9153442,-2.1753442,-1.5153443,-1.1653442,-1.2953442,-1.6353443,-1.8753443,-1.9953443,-2.1353443,-2.5053442,-3.3153443,-4.765344,-6.225344,-7.2153444,-7.8553443,-8.185345,-8.105344,-7.155344,-5.615344,-4.7153444,-4.2353444,-3.3453443,-2.7353442,-2.9353442,-3.5253441,-4.0653443,-4.3153443,-4.1953444,-3.6153443,-2.7653441,-2.6653442,-3.0853443
-1.7953442,-1.7653443,-1.6853442,-1.4753442,-1.2053442,-0.8053442,-0.28534424,0.09465576,-0.075344235,-0.83534425,-1.7653443,-2.4353442,-2.8853443,-3.2953444,-3.6853442,-4.015344,-4.385344,-4.6253443,-4.7753444,-4.995344,-5.2553444,-5.495344,-5.5853443,-5.3153443,-4.6953444,-3.9553442,-3.5453444,-3.9053442,-4.665344,-5.4653444,-6.135344,-6.6453443,-6.8353443,-6.765344,-6.8353443,-6.865344,-6.5053444,-5.7153444,-5.535344,-5.655344,-5.4853444,-5.055344,-4.165344,-3.2953444,-2.4153442,-1.4553442,-0.91534424,-1.0153443,-1.3053442,-1.4953443,-1.6153443,-1.6453443,-1.5953442,-1.5153443,-1.5153443,-1.6853442,-1.9653442,-2.0053442
-2.0953443,-2.1753442,-2.0353441,-1.7953442,-1.6253443,-1.5353442,-1.4953443,-1.6453443,-2.0653443,-2.6153443,-2.9753442,-3.0353441,-2.9753442,-2.8953443,-2.7553442,-2.5653443,-2.3853443,-2.1053443,-1.4753442,-0.6953442,-0.83534425,-2.5453444,-4.7353444,-5.5053444,-4.0053444,-2.0453444,-1.5453442,-2.1153443,-2.6253443,-3.1353443,-3.4953442,-3.7553442,-3.5953443,-3.4253442,-3.8253443,-3.8553443,-3.3453443,-1.5053443,0.32465577,1.1846558,1.3846557,1.3646557,1.3046558,1.2046558,1.0346558,0.76465577,0.44465578,0.0046557616,-0.53534424,-0.84534425,-0.82534426,-0.66534424,-0.5653442,-0.58534425,-0.60534424,-0.49534425,-0.30534422,-0.23534423
-1.6753442,-0.72534424,-0.43534425,-0.91534424,-1.4353442,-1.7053442,-1.8153442,-1.8653443,-1.8853443,-1.9053442,-1.9753442,-2.0653443,-2.0553443,-1.8453442,-1.6053443,-1.5453442,-1.6253443,-1.5953442,-1.6653442,-2.5353441,-4.035344,-4.885344,-4.3153443,-3.1453443,-2.0053442,-0.98534423,-0.40534425,-0.8653442,-1.6453443,-1.8853443,-1.9253442,-2.0153441,-2.0153441,-1.8453442,-1.4653442,-0.77534425,0.11465576,1.0146557,1.3646557,0.45465577,-1.4953443,-3.2753441,-3.3853443,-2.6953442,-0.96534425,0.47465575,1.1846558,1.4046558,1.4246558,1.4146558,1.3646557,1.1646558,0.86465573,0.61465573,0.35465577,-0.12534423,-0.71534425,-1.0253443
-0.06534424,-0.14534424,-0.19534424,-0.19534424,-0.22534424,-0.32534423,-0.47534424,-0.72534424,-1.0553442,-1.2053442,-1.1453443,-1.0553442,-0.9353442,-0.6753442,-0.29534423,0.024655761,-0.11534424,-0.78534424,-1.6453443,-2.1053443,-1.9253442,-1.3253442,-0.6153442,0.08465576,0.73465574,1.1746558,0.95465577,0.23465577,-0.38534424,-0.34534425,-0.09534424,-0.045344237,-0.105344236,-0.09534424,-0.105344236,-0.23534423,-0.45534423,-0.59534425,-0.6953442,-1.0353442,-1.8553443,-2.8153443,-3.4253442,-3.5853443,-3.7053442,-3.8853443,-3.9453442,-3.7853441,-3.5553443,-3.5953443,-3.9153442,-4.1453443,-4.0053444,-3.6153443,-3.3753443,-3.3053443,-3.1153443,-2.6153443
1.3446558,1.3646557,1.3146558,1.2346557,1.1746558,1.1046557,0.91465575,0.65465575,0.49465576,0.45465577,0.30465576,-0.025344238,-0.35534424,-0.5653442,-0.7453442,-0.96534425,-1.1453443,-1.0453442,-0.66534424,-0.27534425,-0.03534424,0.11465576,0.31465575,0.49465576,0.53465575,0.53465575,0.73465574,1.1446557,1.4846557,1.3746557,0.70465577,-0.11534424,-0.7553442,-1.3153442,-1.9053442,-2.3753443,-2.4953442,-2.0653443,-1.3653443,-0.6953442,-0.31534424,-0.30534422,-0.43534425,-0.57534426,-0.6753442,-0.77534425,-0.90534425,-1.0453442,-1.2153442,-1.4753442,-1.9653442,-2.6353443,-3.0853443,-2.9453442,-2.3053443,-1.6653442,-1.2353443,-0.9253442
3.3146558,3.4946558,3.1346557,2.5746558,2.0546558,1.7746558,1.7246557,1.7746558,1.7846558,1.7046558,1.5446558,1.3646557,1.2346557,1.1446557,1.0646558,0.86465573,0.51465577,-0.045344237,-0.6853442,-1.2953442,-1.6953442,-1.8353442,-1.6653442,-1.1653442,-0.45534423,0.21465576,0.27465576,-0.48534423,-1.7953442,-2.8753443,-3.7153442,-3.8953443,-3.8453443,-3.6053443,-3.2953444,-3.0053442,-2.7653441,-2.6753442,-2.7753441,-2.9953442,-3.1553442,-3.1253443,-2.9453442,-2.8253443,-2.9253442,-3.1753442,-3.4653442,-3.6753442,-3.7553442,-3.7153442,-3.5853443,-3.4053442,-3.2653441,-3.1953442,-3.1653442,-3.0153441,-2.6853442,-2.3153443
-1.2453443,-1.2353443,-1.1953442,-1.0953442,-0.8753442,-0.53534424,-0.19534424,0.024655761,0.03465576,-0.17534424,-0.64534426,-1.3953443,-2.1853442,-2.7053442,-2.9453442,-3.0153441,-3.0753443,-3.0453444,-2.6353443,-1.5953442,-0.22534424,0.72465575,0.66465575,-0.21534424,-1.0853442,-1.5853442,-1.8953443,-2.2753441,-2.8953443,-3.5053442,-3.7753441,-3.5753443,-3.1253443,-2.7253442,-2.4853442,-2.3753443,-2.3353443,-2.3553443,-2.3553443,-2.3353443,-2.3153443,-2.3353443,-2.3953443,-2.5053442,-2.6553442,-2.8253443,-2.9953442,-3.1453443,-3.2753441,-3.3653443,-3.4453442,-3.5053442,-3.5853443,-3.6553442,-3.7053442,-3.6853442,-3.6053443,-3.4753442
-1.8253442,-1.7353443,-1.3453442,-0.82534426,-0.43534425,-0.38534424,-0.63534427,-0.97534424,-1.1753442,-1.1353443,-0.97534424,-0.8753442,-0.98534423,-1.2653443,-1.6053443,-1.7353443,-1.8353442,-1.8053442,-1.8253442,-1.8353442,-1.8853443,-1.9553442,-2.0553443,-2.2353442,-2.5053442,-2.8553443,-3.2153442,-3.4953442,-3.5953443,-3.5453444,-3.4353442,-3.3153443,-3.2653441,-3.3253443,-3.4753442,-3.6753442,-3.8853443,-4.0653443,-4.2153444,-4.305344,-4.345344,-4.3153443,-4.245344,-4.185344,-4.135344,-4.1453443,-4.1753445,-4.245344,-4.305344,-4.3153443,-4.2353444,-4.095344,-3.9153442,-3.7453442,-3.6053443,-3.4653442,-3.3253443,-3.1653442
