static/data/gfs.json
{"header": {"discipline":0,"disciplineName":"Meteorological products","gribEdition":2,"gribLength":73752,"center":7,"centerName":"US National Weather Service - NCEP(WMC)","subcenter":0,"refTime":"2019-01-17T00:00:00.000Z","significanceOfRT":1,"significanceOfRTName":"Start of forecast","productStatus":0,"productStatusName":"Operational products","productType":1,"productTypeName":"Forecast products","productDefinitionTemplate":0,"productDefinitionTemplateName":"Analysis/forecast at horizontal level/layer at a point in time","parameterCategory":2,"parameterCategoryName":"Momentum","parameterNumber":2,"parameterNumberName":"U-component_of_wind","parameterUnit":"m.s-1","genProcessType":2,"genProcessTypeName":"Forecast","forecastTime":6,"surface1Type":103,"surface1TypeName":"Specified height level above ground","surface1Value":10.0,"surface2Type":255,"surface2TypeName":"Missing","surface2Value":0.0,"gridDefinitionTemplate":0,"gridDefinitionTemplateName":"Latitude_Longitude","numberPoints":65160,"shape":6,"shapeName":"Earth spherical with radius of 6,371,229.0 m","gridUnits":"degrees","resolution":48,"winds":"true","scanMode":0,"nx":360,"ny":181,"basicAngle":0,"lo1":0.0,"la1":90.0,"lo2":359.0,"la2":-90.0,"dx":1.0,"dy":1.0}, "data":
[rows 75 to 99 of 181, columns 58 to 115 of 360]
-3.6353443,-3.4253442,-3.2053442,-3.4453442,-3.3853443,-3.3853443,-3.3053443,-3.0653443,-2.6053443,-2.3653443,-2.7853441,-3.2953444,-3.4153442,-3.0853443,-2.1753442,-2.9853442,0.11465576,-3.9953442,-4.095344,-3.5853443,-3.4953442,-3.7053442,-3.5153441,-4.405344,-4.555344,-4.3353443,-4.305344,-4.385344,-4.535344,-4.3953443,-3.9253442,-3.6353443,-2.9553442,-2.6253443,-2.4553442,-3.9153442,-3.1053443,-2.5453444,-2.0053442,-1.4953443,-1.3753443,-3.2653441,-5.1053443,-6.665344,-5.345344,-5.3953443,-5.5053444,-3.9853442,-0.98534423,-2.7053442,-1.3853443,-3.2853441,-7.1953444,-8.825344,-9.495344,-8.705344,-7.825344,-6.685344
-3.6553442,-3.8553443,-3.6253443,-4.165344,-3.9653442,-3.7353442,-3.5353441,-3.1953442,-2.7453442,-2.4953442,-2.5953443,-2.7853441,-2.8253443,-2.8553443,-2.8453443,-3.8253443,-1.8253442,-4.5053444,-4.745344,-4.365344,-4.3553443,-3.8753443,-3.0253441,-5.5053444,-4.635344,-4.555344,-4.5253444,-4.6053443,-4.5253444,-4.415344,-4.015344,-3.5653443,-2.8053443,-2.1753442,-2.4253442,-3.4653442,-2.7153442,-2.7053442,-2.1953442,-1.8253442,2.2546558,-3.2753441,-3.4753442,-4.1753445,-3.9053442,-3.0953443,-2.1253443,-2.2153442,-2.1253443,-1.9953443,-5.495344,-3.0653443,-5.8553443,-7.995344,-8.595345,-8.005344,-7.325344,-6.3153443
-3.5753443,-3.9453442,-4.0853443,-4.3153443,-4.245344,-3.9353442,-3.7153442,-3.4853442,-3.0953443,-2.7753441,-2.8153443,-2.7453442,-2.6753442,-2.8853443,-2.9753442,-3.9153442,-2.9953442,-0.28534424,-4.575344,-3.5653443,-4.2153444,-3.8753443,-3.6653442,-6.0453444,-4.7353444,-4.725344,-4.665344,-4.5253444,-4.635344,-4.455344,-3.9853442,-3.0253441,-2.2953444,-2.2253442,-2.8553443,-2.7453442,-2.8053443,-2.7653441,-2.5153441,-2.0153441,1.4846557,-3.1753442,-5.595344,-3.6153443,-3.9553442,-4.075344,-1.1153443,-2.6753442,-3.8953443,-5.4253445,-4.0453444,-3.5453444,-6.2353444,-7.825344,-8.335344,-8.205344,-7.7153444,-7.1053443
-3.5553443,-3.8253443,-3.8653443,-4.325344,-4.455344,-3.9853442,-3.7453442,-3.5453444,-3.2653441,-3.0753443,-3.0853443,-3.1953442,-3.4253442,-3.3153443,-2.8053443,-2.2353442,-3.8053443,-0.58534425,-2.8453443,-3.0953443,-3.0153441,-3.5253441,-4.265344,-5.705344,-4.8953443,-4.635344,-4.8553443,-4.845344,-4.6053443,-4.0853443,-3.5353441,-3.0853443,-2.8453443,-2.7553442,-2.7553442,-3.8353443,-3.1153443,-3.1553442,-2.7453442,-2.5453444,-0.47534424,-3.0753443,-3.2453442,-3.4453442,0.89465576,-1.6553442,-2.3153443,-5.435344,-1.9753442,-2.0453444,-1.2153442,-1.7953442,-6.285344,-8.205344,-8.225345,-8.505344,-8.505344,-8.035344
-3.3153443,-3.7753441,-3.6753442,-4.245344,-4.245344,-4.0453444,-3.7653441,-3.4653442,-3.4353442,-3.4053442,-3.1853442,-2.9453442,-2.8753443,-2.7353442,-2.3053443,-2.2953444,-2.3753443,-3.3653443,-0.77534425,-4.7153444,-2.0153441,-3.5453444,-5.385344,-5.035344,-4.555344,-4.7153444,-4.6753445,-4.5053444,-4.475344,-4.0853443,-3.8253443,-3.6153443,-3.3753443,-3.4053442,-2.9353442,-3.7153442,-3.5753443,-3.3653443,-3.4553442,-2.9553442,-0.90534425,-2.7553442,-4.455344,-4.325344,-2.9953442,-2.7453442,-3.1353443,-1.8453442,-2.3053443,-2.7853441,-8.075344,-8.205344,-8.065344,-8.235344,-8.425344,-9.925344,-8.695344,-8.355344
-3.4953442,-3.5153441,-3.5753443,-3.9853442,-3.7353442,-3.8753443,-3.9653442,-3.6153443,-3.4953442,-3.5953443,-3.4753442,-3.0053442,-2.4853442,-2.1853442,-2.1953442,-2.6053443,-4.1953444,-6.205344,-0.53534424,-0.63534427,-2.8053443,-4.305344,-5.685344,-4.8353443,-4.6453443,-4.435344,-4.555344,-4.4853444,-4.4653444,-4.285344,-4.2353444,-4.015344,-3.9453442,-4.095344,-3.8753443,-4.115344,-4.0853443,-4.155344,-3.9653442,-4.055344,-1.2753443,-3.8053443,-6.1053443,-5.935344,-6.825344,-7.185344,-5.5453444,-7.6453443,-7.915344,-12.115344,-10.005344,-7.975344,-7.8553443,-7.3953443,-9.055345,-7.995344,-8.355344,-7.5453444
-3.2153442,-3.1953442,-3.2953444,-3.3653443,-3.5853443,-3.7853441,-3.7853441,-3.5853443,-3.8753443,-3.5853443,-3.2953444,-3.0653443,-2.4553442,-2.1753442,-2.4553442,-2.5953443,-2.6053443,-1.3253442,-3.8253443,-3.6853442,-3.9753442,-6.155344,-2.9653442,-3.8153443,-4.035344,-4.685344,-4.785344,-4.705344,-4.705344,-4.415344,-4.185344,-4.745344,-4.7153444,-4.7753444,-4.8953443,-4.6053443,-4.535344,-4.8953443,-4.915344,-3.6653442,2.2146559,-3.4853442,-4.8353443,-7.405344,-9.415344,-9.145344,-4.8953443,-7.225344,-10.855344,-9.505344,-9.075344,-7.185344,-7.015344,-6.955344,-6.805344,-8.545344,-8.455344,-8.005344
-2.9653442,-2.5753443,-3.2753441,-3.0253441,-3.1653442,-3.6053443,-3.3153443,-3.5253441,-4.0853443,-4.095344,-3.6653442,-3.3353443,-2.7853441,-2.5453444,-2.9053442,-3.4353442,-2.4653442,-2.2153442,-2.5753443,-2.7953444,-5.2153444,-5.4453444,-4.4253445,-3.4153442,-3.1953442,-4.2153444,-4.685344,-4.725344,-4.745344,-4.495344,-4.555344,-5.095344,-5.4653444,-5.885344,-5.705344,-5.325344,-4.885344,-5.185344,-5.0453444,-3.7053442,-3.1453443,-3.8653443,-6.165344,-8.075344,-9.085344,-9.105344,-10.595345,-10.435345,-10.065344,-9.115344,-9.475345,-7.8953443,-8.045344,-8.115344,-7.845344,-8.8853445,-7.6753445,-5.955344
-2.3153443,-2.2153442,-3.0553443,-2.9553442,-2.5953443,-3.5153441,-3.8653443,-3.7253442,-3.9753442,-4.185344,-4.2753444,-3.8853443,-3.3153443,-2.8053443,-2.6753442,-2.5453444,-1.5153443,0.40465575,-5.685344,-8.615344,-6.385344,-4.765344,-0.64534426,-1.4153442,-1.9653442,-4.0053444,-4.285344,-4.495344,-4.555344,-4.5053444,-5.0053444,-5.325344,-5.905344,-6.595344,-6.5253444,-5.745344,-5.3353443,-5.0853443,-4.5053444,-4.8153443,-5.115344,-2.0653443,-4.705344,-7.2953444,-8.065344,-9.105344,-9.235344,-8.815344,-8.985344,-10.425344,-8.875344,-8.015345,-8.185345,-8.195344,-8.275344,-7.455344,-7.435344,-8.235344
-1.7853442,-2.4153442,-2.8253443,-2.5253441,-2.3453443,-3.5853443,-3.9353442,-3.6953442,-3.6253443,-4.555344,-4.6753445,-4.4653444,-3.8153443,-3.4053442,-3.0553443,-2.9453442,-4.035344,-7.1953444,-8.535344,-7.1953444,-5.4853444,-3.2053442,0.73465574,-5.245344,-3.8153443,-3.7253442,-4.1753445,-4.245344,-4.325344,-5.265344,-5.2353444,-5.055344,-5.8553443,-5.8353443,-6.3953443,-7.035344,-7.1753445,-7.4453444,-5.3353443,-4.0053444,-3.6253443,-4.7553444,-2.1353443,-3.1453443,-1.7653443,-6.845344,-8.245344,-8.525344,-9.075344,-10.655344,-7.9253445,-7.4453444,-6.825344,-6.825344,-7.365344,-7.8553443,-7.805344,-6.535344
-1.0353442,-1.9853443,-2.5053442,-2.3053443,-3.1653442,-3.2953444,-3.6153443,-3.9153442,-3.5053442,-3.8253443,-3.9753442,-4.6953444,-4.0853443,-3.5853443,-3.5053442,-3.6653442,-6.6453443,-7.825344,-7.4253445,-6.225344,-4.5453444,-1.4853443,-6.2153444,-5.4453444,-4.0653443,-3.7353442,-4.265344,-5.035344,-4.825344,-5.1053443,-4.665344,-4.325344,-4.8753443,-4.885344,-6.115344,-7.1253443,-5.0453444,2.6446557,-0.5053442,-2.4153442,-1.4753442,-2.2953444,-0.12534423,0.22465576,-1.0453442,-1.5053443,-6.5653443,-8.265345,-9.245344,-9.205344,-7.095344,-7.635344,-6.885344,-7.265344,-6.915344,-6.765344,-4.015344,0.43465576
-0.5653442,-1.3953443,-1.9153442,-2.8753443,-3.1053443,-2.9553442,-2.1953442,-2.8553443,-3.5553443,-3.6153443,-3.5753443,-4.155344,-4.6453443,-4.1053443,-4.475344,-5.015344,-6.0053444,-6.2953444,-5.865344,-4.7153444,-3.5753443,-4.785344,-5.8953443,-4.635344,-4.115344,-4.1753445,-3.8653443,-4.7353444,-5.0853443,-4.935344,-4.3553443,-4.245344,-3.7753441,-4.155344,-4.6753445,-3.9753442,-2.4053442,-2.3053443,0.28465575,0.8846558,-1.1553442,2.8546557,1.6546558,1.9746557,-0.12534423,-1.7253442,-3.8453443,-6.095344,-8.395344,-8.735344,-4.4453444,-7.5853443,-6.9653444,-6.725344,-4.4453444,-0.6253442,0.42465577,-0.85534424
0.31465575,-1.2753443,-1.5253443,-1.4253442,-1.8153442,-1.4953443,-1.0053443,-1.9853443,-2.8753443,-3.2353442,-3.6153443,-5.6253443,-5.2953444,-5.5253444,-5.725344,-5.1753445,-4.7153444,-4.5653443,-4.2153444,-3.4553442,-3.3453443,-5.5053444,-4.6953444,-4.495344,-4.2153444,-4.075344,-3.8953443,-3.8253443,-4.9853444,-4.7353444,-4.185344,-2.8553443,-3.0953443,-2.9153442,-1.8753443,-0.78534424,-0.15534423,-0.35534424,-0.54534423,0.84465575,-0.08534424,-0.38534424,2.2646558,4.2646556,-0.77534425,-1.5553442,-1.9753442,-4.075344,-5.665344,-6.825344,-7.8553443,-6.345344,-5.8353443,-5.3753443,-1.0453442,-0.13534424,-0.26534423,-0.79534423
0.17465577,0.25465575,-0.6153442,-0.63534427,-0.71534425,-0.6253442,-0.51534426,-0.19534424,-1.6053443,-3.2053442,-2.7953444,-4.415344,-5.325344,-5.0853443,-4.9853444,-4.225344,-4.0253444,-3.5153441,-2.5853443,-1.8353442,-2.6053443,-4.2953444,-4.1453443,-4.3753443,-4.0453444,-3.5353441,-3.0253441,-3.4053442,-3.1353443,-3.1053443,-3.1053443,-2.5253441,-1.5953442,0.26465577,1.8346558,3.0346558,2.6346557,1.5046557,0.51465577,0.104655765,1.2846558,0.024655761,-0.08534424,0.38465577,2.7646558,-0.6253442,-0.11534424,0.54465574,-2.9753442,-3.6553442,-4.205344,-2.3753443,-3.6453443,1.7246557,-0.5653442,-1.5153443,-0.46534425,-1.6053443
0.91465575,0.37465575,-0.025344238,0.29465577,0.47465575,1.1846558,-0.30534422,0.14465576,-0.42534423,-1.7753443,-2.3153443,-2.6453443,-4.1953444,-3.8653443,-4.0853443,-3.4153442,-2.7753441,-2.0753443,-1.3353442,-0.7453442,-0.88534427,-3.0353441,-3.7553442,-3.6053443,-3.3053443,-1.7553443,-0.29534423,1.1846558,2.3946557,3.3146558,3.8446558,4.694656,3.9746559,5.0746555,5.424656,5.4946556,4.484656,3.7746558,1.9346558,1.9746557,-2.8053443,2.5946558,-0.46534425,-0.11534424,0.8246558,0.76465577,0.16465576,0.86465573,-0.21534424,-0.88534427,-0.76534426,1.3346558,-0.8153442,-0.65534425,-0.90534425,0.38465577,-1.2553443,-1.1153443
1.1146557,0.66465575,0.59465575,1.1346557,1.9646558,2.5346558,1.7446557,0.46465576,0.13465576,-1.2653443,-1.2453443,-1.6953442,-1.2353443,-2.1653442,-3.1053443,-2.9353442,-0.90534425,-0.05534424,-0.35534424,0.54465574,0.32465577,0.17465577,0.06465576,1.3846557,0.29465577,1.8546557,2.3146558,4.464656,5.5146556,6.084656,6.404656,6.4546556,6.2246556,6.2246556,6.234656,5.8746557,5.9146557,5.274656,4.1046557,2.3946557,1.8746557,2.5646558,1.8446558,0.42465577,0.54465574,0.9446558,1.6446557,3.2946558,2.9546556,2.4746559,2.3046558,4.114656,-0.59534425,-0.6753442,-0.22534424,0.14465576,-0.015344238,-1.3953443
1.7846558,-0.20534424,1.3646557,1.9046558,2.8846557,2.8346558,3.1346557,2.4246557,-0.105344236,0.27465576,1.2946558,0.06465576,1.4346558,1.2046558,-0.08534424,-0.26534423,0.97465575,2.8446558,1.0046557,1.1846558,1.9246558,2.7546558,3.5846558,4.1446557,2.9046557,4.3946557,3.3846557,4.064656,4.0746555,4.1846557,4.3746557,4.814656,4.654656,4.8046556,5.2246556,5.7846556,6.084656,5.7046556,5.174656,4.334656,3.2446558,1.9246558,3.9746559,-0.28534424,0.83465576,1.2246557,1.9146558,5.0746555,5.3946557,3.9746559,3.4946558,3.3846557,1.2346557,0.65465575,0.53465575,-1.1153443,-0.5053442,-1.5553442
2.3846557,1.2446557,0.49465576,2.6346557,4.174656,4.7046556,3.7246559,2.8446558,2.1946557,2.8546557,2.2946558,1.6746558,2.7146559,4.544656,3.0346558,2.6246557,2.6746557,1.7846558,0.36465576,1.1646558,0.25465575,-0.015344238,-0.7553442,-0.45534423,-0.70534426,0.7546558,1.6046557,2.2546558,2.4246557,2.4746559,3.4246557,4.274656,4.2446556,4.594656,4.294656,4.384656,4.844656,4.844656,4.654656,4.4546556,4.504656,4.9946556,2.9846559,2.9246557,-0.31534424,1.3246558,1.8246558,1.7046558,2.3546557,5.1246557,4.254656,3.8246558,3.5046558,1.3646557,-0.11534424,-0.32534423,-0.64534426,-1.1253443
3.0546558,2.9446557,2.9446557,2.1346557,5.334656,5.714656,5.8246555,3.8446558,3.2046556,2.8346558,2.2146559,2.3446558,2.4846559,2.4546556,1.1646558,-1.1553442,-2.0853443,-3.6353443,-4.185344,-4.2353444,-3.7753441,-4.0853443,-3.6753442,-3.5253441,-3.1453443,-1.3953443,-0.42534423,-0.025344238,-0.12534423,0.45465577,0.7546558,1.3546557,2.2546558,2.4646559,2.3446558,3.6846557,4.7446556,4.484656,4.154656,4.1046557,4.8946557,4.4346557,4.4746556,4.504656,2.2046556,0.7446558,1.6246557,2.1546557,3.3146558,1.6246557,3.3746557,4.674656,5.004656,2.2446558,2.2646558,0.59465575,0.70465577,0.64465576
3.1746557,4.134656,4.4346557,4.7446556,6.2046556,6.964656,6.774656,5.2246556,3.5646558,2.3246558,1.3046558,0.89465576,-0.6153442,-2.1453443,-3.6253443,-4.4853444,-4.915344,-4.995344,-5.2753444,-5.365344,-5.115344,-5.075344,-4.845344,-4.785344,-4.165344,-3.3353443,-3.3853443,-3.2353442,-2.9153442,-2.4353442,-2.2953444,-1.6153443,-1.0553442,0.08465576,0.37465575,1.2046558,2.1546557,3.0846558,4.0146556,4.384656,4.864656,5.674656,4.9946556,5.0546556,4.904656,2.3546557,0.84465575,3.3646557,2.5746558,6.2846556,6.984656,7.5746555,6.9546556,6.134656,5.2846556,1.4946557,1.7046558,3.4046557
3.4946558,4.254656,5.694656,6.084656,7.4746556,7.094656,6.424656,5.7846556,3.5646558,0.54465574,-0.9953442,-1.9153442,-4.1053443,-4.2153444,-3.7253442,-5.365344,-5.665344,-5.9853444,-6.3553443,-6.075344,-5.475344,-5.4453444,-5.2553444,-4.905344,-4.825344,-4.6053443,-4.345344,-4.0253444,-3.6553442,-3.0953443,-2.3653443,-1.6853442,-1.7153442,-1.5753442,-1.3553443,-0.39534423,0.014655761,-0.71534425,0.8746558,2.6746557,4.084656,4.714656,6.0346556,6.3746557,6.674656,6.214656,2.6146557,-0.27534425,1.4046558,5.484656,6.7246556,7.654656,6.1446557,6.404656,7.004656,6.674656,5.344656,4.1046557
4.094656,5.274656,5.564656,5.754656,6.614656,5.2246556,4.7046556,4.094656,1.0246558,-0.8753442,-1.6153443,-4.515344,-5.435344,-4.8753443,-6.225344,-6.1953444,-6.535344,-6.635344,-6.5653443,-6.115344,-5.825344,-5.495344,-5.2553444,-4.935344,-5.3153443,-5.325344,-5.115344,-4.6053443,-4.0653443,-3.5053442,-2.7253442,-2.0853443,-1.4653442,-1.4253442,-1.1453443,-1.4553442,-1.3853443,-1.2753443,1.4746557,1.7646557,1.6346557,3.7046556,4.814656,5.9546556,6.7646556,6.924656,7.344656,8.164656,4.9946556,5.7246556,7.234656,7.944656,8.004656,7.9546556,7.964656,7.674656,7.384656,6.794656
4.544656,4.6846557,3.8046558,4.0546556,2.9346557,3.3046558,2.3046558,0.33465576,-0.9453442,-2.5953443,-4.6453443,-5.7353444,-6.5653443,-6.2753444,-6.535344,-7.095344,-6.7353444,-6.515344,-6.725344,-6.615344,-5.825344,-5.405344,-4.8753443,-5.0653443,-5.4253445,-5.6253443,-5.4253445,-4.865344,-4.305344,-3.8453443,-3.2253442,-2.7453442,-2.2153442,-1.5553442,-1.6453443,-1.5353442,-2.3953443,-1.7953442,-1.2353443,-1.0353442,0.6846558,2.1246557,2.0646558,3.3246558,5.154656,7.084656,7.584656,8.174656,4.344656,2.9546556,-0.35534424,2.0446558,3.0946558,5.5146556,2.8646557,3.6946557,3.8846557,5.0346556
3.2246559,2.2846558,2.4246557,1.6346557,0.64465576,1.5846558,-0.76534426,-3.5353441,-4.935344,-5.165344,-4.8953443,-7.2153444,-7.1953444,-6.845344,-7.115344,-6.7953444,-6.665344,-6.595344,-6.5453444,-6.3953443,-5.7553444,-5.265344,-5.1253443,-5.0053444,-5.325344,-5.5053444,-5.6453443,-5.185344,-4.515344,-4.185344,-3.7153442,-3.2153442,-2.6853442,-2.2853441,-1.8653443,-2.0953443,-2.5853443,-2.9653442,-2.7553442,-2.4053442,-2.2553442,-0.8653442,0.12465576,1.0346558,1.0246558,4.984656,6.944656,6.3246555,6.984656,8.534656,9.804656,11.1146555,7.864656,4.8546557,1.6746558,0.29465577,1.0846558,0.83465576
1.3646557,-0.8753442,-3.5253441,-6.285344,-7.245344,-7.9453444,-8.405344,-7.0853443,-6.345344,-6.435344,-7.455344,-7.8353443,-7.4453444,-6.8753443,-6.9653444,-6.685344,-6.5653443,-6.185344,-6.4253445,-6.3153443,-5.955344,-5.7353444,-5.5053444,-5.1753445,-5.6953444,-5.8953443,-5.9653444,-5.575344,-4.685344,-4.115344,-3.7453442,-2.9153442,-3.2853441,-2.9153442,-2.4953442,-2.5453444,-3.1953442,-3.1453443,-2.7853441,-3.0153441,-3.1653442,-2.9653442,-2.1553442,-1.6253443,-1.7753443,-2.0053442,-0.88534427,0.51465577,1.2946558,1.9946557,2.9846559,3.4546556,2.5246558,4.544656,5.484656,6.384656,5.944656,6.424656
