static/data/gfs.json
{"header": {"discipline":0,"disciplineName":"Meteorological products","gribEdition":2,"gribLength":74317,"center":7,"centerName":"US National Weather Service - NCEP(WMC)","subcenter":0,"refTime":"2019-01-17T00:00:00.000Z","significanceOfRT":1,"significanceOfRTName":"Start of forecast","productStatus":0,"productStatusName":"Operational products","productType":1,"productTypeName":"Forecast products","productDefinitionTemplate":0,"productDefinitionTemplateName":"Analysis/forecast at horizontal level/layer at a point in time","parameterCategory":2,"parameterCategoryName":"Momentum","parameterNumber":3,"parameterNumberName":"V-component_of_wind","parameterUnit":"m.s-1","genProcessType":2,"genProcessTypeName":"Forecast","forecastTime":6,"surface1Type":103,"surface1TypeName":"Specified height level above ground","surface1Value":10.0,"surface2Type":255,"surface2TypeName":"Missing","surface2Value":0.0,"gridDefinitionTemplate":0,"gridDefinitionTemplateName":"Latitude_Longitude","numberPoints":65160,"shape":6,"shapeName":"Earth spherical with radius of 6,371,229.0 m","gridUnits":"degrees","resolution":48,"winds":"true","scanMode":0,"nx":360,"ny":181,"basicAngle":0,"lo1":0.0,"la1":90.0,"lo2":359.0,"la2":-90.0,"dx":1.0,"dy":1.0}, "data":
[rows 75 to 99 of 181, columns 58 to 115 of 360]
-0.035478517,-0.13547851,-0.58547854,-1.1654785,-1.5854785,-1.9654785,-2.3354785,-2.6454785,-3.1854784,-3.7654786,-4.3554783,-4.9854784,-5.1854787,-5.1554785,-5.5954785,-3.0954785,-0.3454785,-0.7054785,-1.0154785,0.054521486,0.72452146,0.18452148,-0.35547853,-0.52547854,-1.6154785,-2.6554785,-3.0754786,-3.2254784,-3.4054785,-3.5954785,-3.5654786,-3.5954785,-3.5754786,-2.9454784,-2.8654785,-4.2454786,-5.2454786,-5.2854786,-6.6354785,-5.6654787,0.7945215,-0.5554785,-1.3754785,-1.8054786,-2.8754785,-3.1054785,-3.5254786,-4.3154783,-0.9554785,-2.2154784,-2.3354785,-5.6754785,-6.7454786,-6.9554787,-7.4954786,-8.165479,-8.775478,-8.835479
-0.9554785,-0.9454785,-1.1154785,-1.6254785,-2.1854784,-2.5354786,-2.6654785,-2.7254784,-2.9754784,-3.5154786,-4.1054783,-4.2854786,-4.2854786,-4.2254786,-5.0854783,-3.3154786,-1.5654786,-1.1354785,-0.7454785,-1.9754785,-1.3454785,-0.39547852,-1.1854786,-1.0154785,-2.4154785,-3.2154784,-3.4754784,-3.6754785,-3.8754785,-3.9454784,-4.0654783,-4.2254786,-4.2254786,-4.2954783,-4.1254787,-5.0454783,-5.7054787,-6.2254786,-6.7154784,-5.1354785,-0.5154785,-0.4654785,-1.1654785,-1.0554786,-1.2954785,-2.3654785,-1.4654785,-1.2354785,-1.1554785,-1.1054785,-2.2754786,-4.2054787,-6.3854785,-5.9754786,-6.8954787,-7.8354783,-8.335479,-8.105478
-1.2254785,-0.8954785,-1.7054785,-1.9254785,-2.4854784,-2.9354784,-2.9854784,-2.6754785,-2.8154786,-3.4054785,-3.9154785,-4.2654786,-4.2154784,-4.1954784,-4.9554787,-3.6154785,0.0045214845,0.5045215,-1.8554785,-2.1554785,-1.6854786,-0.84547853,-1.5354785,-2.1254785,-3.2754786,-3.7454786,-4.0454783,-4.3354783,-4.2654786,-4.5054784,-4.7954783,-5.2754784,-5.6954784,-5.4954786,-5.4454784,-4.3254786,-5.9254785,-6.2654786,-6.4954786,-4.6154785,-1.8254786,-0.7954785,-1.0954785,-1.7454785,-1.7254785,-0.84547853,-0.115478516,-1.0754786,-1.6854786,-1.6954786,-1.3954785,-2.3654785,-6.9454784,-6.0254784,-6.0354786,-6.7154784,-7.5354786,-8.425479
-1.3154786,-1.6254785,-1.6854786,-2.3754785,-2.4154785,-2.9154785,-3.2454786,-3.1554785,-3.1354785,-3.6054785,-4.0954785,-4.3754787,-4.4454784,-4.4754786,-4.6454787,-4.3354783,-1.2354785,3.2945216,-1.2654785,-1.7354785,-1.9354786,-1.9154785,-1.9554785,-3.0854785,-3.9754784,-4.5154786,-4.4454784,-4.4654784,-4.8354783,-5.1454787,-5.6354785,-5.9554787,-5.9054785,-5.8554783,-6.0254784,-5.6554785,-5.9654784,-6.0154786,-5.6454787,-3.2354784,-0.5554785,0.094521485,-2.8554785,-2.3654785,2.0245216,-1.1354785,-1.7554785,-1.8954785,-1.0854785,-1.1954786,-2.3754785,-3.0354786,-7.2654786,-5.9154787,-6.3354783,-6.8454785,-7.0254784,-6.5454783
-2.0654786,-2.4754784,-2.6354785,-2.5754786,-2.6354785,-3.4054785,-3.4954786,-3.5354786,-3.5454786,-3.5554786,-3.8354785,-4.1354785,-4.2954783,-4.2354784,-4.3454785,-3.9854784,-3.0654786,0.9445215,0.8645215,-1.0754786,-0.6254785,-3.1354785,-3.2854786,-4.0654783,-4.4654784,-4.3754787,-4.7354784,-5.1354785,-5.4354787,-5.8354783,-5.9154787,-5.9954786,-6.0954785,-6.1654787,-5.6854787,-6.2654786,-5.8654785,-5.3254786,-4.2154784,-2.4954786,-2.2054784,0.35452148,-2.0354786,-0.8154785,-0.18547851,1.8945215,-1.5854785,0.71452147,-1.2854785,-0.8154785,-0.9454785,-10.005479,-6.6754785,-6.0854783,-5.4454784,-4.8154783,-5.5754786,-5.3554783
-2.7454786,-3.1354785,-3.2554786,-3.2454786,-3.6654785,-3.8154786,-4.0254784,-4.2554784,-4.3554783,-4.1454787,-3.9854784,-3.9154785,-4.1754785,-4.4754786,-4.5154786,-4.0054784,-3.5054786,-2.2754786,0.054521486,0.08452149,-3.5854785,-4.2254786,-4.6254787,-4.6654787,-5.0854783,-5.4754786,-5.6254787,-5.8054786,-5.9354787,-6.1154785,-6.2954783,-6.6654787,-6.6154785,-5.9754786,-5.6454787,-5.6254787,-5.0954785,-3.7454786,-2.9854784,-2.5954785,-2.5454786,-0.19547851,1.0845215,0.4345215,-0.7354785,-1.1954786,-2.0154786,-1.4854785,-0.2854785,-3.0654786,-6.5854783,-6.6254787,-6.2954783,-6.4554787,-4.9254785,-4.3954787,-4.4354787,-5.4354787
-3.5054786,-3.7654786,-3.9454784,-4.0354786,-4.2054787,-4.2454786,-4.6154785,-5.2854786,-5.2754784,-4.8054786,-4.3954787,-4.1354785,-4.0154786,-4.1754785,-4.1154785,-4.1754785,-4.4254785,-1.7954785,0.11452148,-0.10547852,-5.4154787,-6.6354785,-4.3354783,-5.3954787,-6.5754786,-6.7454786,-6.6554785,-6.8554783,-6.8654785,-7.1254787,-7.7054787,-7.0754786,-6.7754784,-6.1954784,-5.4054785,-4.8454785,-4.2354784,-2.9954786,-2.5254786,-1.5054785,-2.3754785,-2.7354784,2.2545214,-0.085478514,-1.0954785,-2.5854785,-2.2954786,-1.1854786,-4.6754785,-4.7154784,-5.3054786,-5.4154787,-5.7154784,-5.3254786,-4.6254787,-4.7854786,-5.1654787,-5.5454783
-4.0354786,-4.7454786,-5.1454787,-5.2654786,-5.7754784,-6.0754786,-5.7054787,-5.6354785,-5.6254787,-5.2954783,-4.8954787,-4.3554783,-4.0154786,-3.8354785,-3.7854786,-3.1854784,-2.2454786,-2.4654784,-1.5154785,0.23452148,-9.395478,-8.285479,-4.0854783,-2.6254785,-6.6054783,-7.0754786,-7.4554787,-7.8254786,-8.055478,-8.1154785,-7.9454784,-6.9854784,-6.6754785,-5.5554786,-4.6654787,-4.0754786,-3.6154785,-3.1054785,-1.9454786,-0.6354785,0.32452148,-0.38547853,-1.0854785,-1.0254785,-1.5354785,-2.3554785,-3.2854786,-4.9354787,-5.0454783,-4.1154785,-4.7154784,-5.2554784,-5.5854783,-6.0654783,-6.0454783,-6.7154784,-6.2154784,-5.9454784
-5.2754784,-5.6254787,-5.3254786,-5.7554784,-6.1354785,-6.2654786,-5.9954786,-5.4354787,-5.1854787,-5.4554787,-5.2054787,-4.6554785,-4.2754784,-4.0554786,-3.7854786,-1.9154785,-0.9854785,-2.3054786,-3.9054785,-8.845478,-9.855478,-9.945478,-3.4554784,-3.4054785,-8.355478,-8.185478,-8.275478,-8.315478,-8.415479,-8.385479,-7.3954787,-6.1454787,-5.2454786,-4.6954784,-4.1254787,-3.8754785,-2.5154786,-2.0454786,-1.6354785,-1.5754786,-2.6654785,-0.8554785,-1.9354786,-1.5954785,-1.9154785,-3.4954786,-4.3654785,-4.5954785,-4.5354786,-5.0154786,-5.2254786,-5.9354787,-6.7154784,-7.0954785,-7.1454787,-6.0454783,-6.5254784,-6.2754784
-6.0654783,-6.1354785,-5.8454785,-5.7754784,-6.3654785,-5.9054785,-5.6854787,-5.7954783,-5.9954786,-5.6754785,-5.3754787,-4.5454783,-4.2754784,-3.9554784,-3.3954785,-1.8454785,-1.2254785,-4.1854787,-7.2154784,-9.045479,-9.955479,-10.085479,-0.015478516,-5.0554786,-10.245479,-9.175479,-8.875479,-8.585479,-8.465479,-6.9154787,-6.0354786,-5.2554784,-3.7454786,-3.8454785,-4.0654783,-3.5154786,-2.9154785,-1.7954785,-0.6154785,-0.6154785,-1.9754785,-4.0554786,-2.9454784,-1.6454785,-0.7454785,-3.2054784,-4.7354784,-5.0454783,-5.1154785,-5.6354785,-6.4354787,-6.0354786,-6.3454785,-5.5654783,-5.8454785,-6.7354784,-6.4154787,-6.0854783
-6.7654786,-6.6654787,-6.8954787,-6.8054786,-4.9954786,-4.4554787,-4.7054787,-4.7854786,-4.3754787,-4.0154786,-3.7554786,-4.4354787,-4.1554785,-3.8554785,-3.5054786,-3.2354784,-3.7954786,-5.4754786,-7.4554787,-8.6554785,-9.425479,-8.505479,-5.3954787,-8.825479,-9.815478,-9.505479,-8.345478,-7.1654787,-6.2254786,-5.3754787,-5.1154785,-4.7454786,-4.0954785,-4.1754785,-4.1954784,-4.1854787,-2.1954784,1.4345214,-1.8154786,-1.7554785,-3.0254786,-4.7754784,-1.2054785,-0.24547851,-1.7954785,-2.1154785,-5.6854787,-6.3354783,-6.0454783,-6.7354784,-5.4754786,-6.6854787,-6.3654785,-7.2654786,-7.4554787,-6.0454783,-5.5754786,-4.8854785
-6.4254785,-5.8554783,-5.3754787,-4.3154783,-3.3254786,-3.9654784,-5.0054784,-4.6854787,-4.4854784,-4.3154783,-3.8954785,-2.9254785,-2.8354785,-3.3354785,-4.1154785,-5.0954785,-5.2454786,-6.3454785,-7.3154783,-8.385479,-7.4754786,-5.3454785,-7.8854785,-9.135479,-8.625479,-7.2754784,-6.4654784,-5.9054785,-5.7154784,-4.9354787,-4.3054786,-2.9754784,-3.3354785,-3.4854784,-4.3254786,-2.9354784,0.5445215,0.6345215,3.6045215,-0.23547852,-2.3154786,-4.8054786,-0.7454785,1.2845215,-1.8954785,-2.1554785,-6.2354784,-6.1254787,-6.1354785,-6.4154787,-3.5154786,-5.9454784,-5.7854786,-6.2454786,-5.6754785,-1.8954785,-1.5754786,0.2845215
-5.7154784,-4.8154783,-3.4754784,-2.8354785,-2.7754786,-2.8654785,-3.4754784,-3.8454785,-3.4554784,-3.1254785,-3.8054786,-3.3654785,-3.4654784,-3.8354785,-4.6654787,-5.1254787,-5.3654785,-5.7154784,-6.7854786,-7.5954785,-4.3354783,-6.3054786,-8.055478,-8.425479,-7.4954786,-6.7154784,-6.1554785,-5.5354786,-5.1754785,-4.2554784,-2.7154784,-1.4254785,-1.1254785,-1.6554785,-2.1354785,-0.8154785,0.6845215,0.8145215,0.034521483,3.0545216,-1.1054785,-2.3654785,-4.1854787,-0.6754785,-1.2154785,-2.2354784,-7.9554787,-7.0254784,-7.0154786,-6.8054786,-6.0754786,-4.2854786,-3.8954785,-5.2954783,-5.4754786,-1.3054786,0.6945215,0.90452147
-4.7254786,-4.1554785,-3.0954785,-2.8454785,-2.8754785,-2.7154784,-2.5354786,-2.1954784,-1.9954785,-1.9554785,-2.2254784,-3.3854785,-4.4854784,-4.1054783,-4.8054786,-5.7054787,-5.5554786,-6.1554785,-6.2954783,-6.5954785,-6.4554787,-7.3254786,-7.3354783,-7.5154786,-7.1654787,-7.1454787,-5.7654786,-4.6554785,-3.7854786,-3.6454785,-3.4954786,-2.8754785,-1.6654785,-1.3054786,-1.0854785,-0.4954785,-0.115478516,0.17452149,0.8745215,0.6845215,3.0745215,0.39452147,-1.5354785,-1.5354785,-0.14547852,-2.3554785,-4.7054787,-6.3254786,-5.8554783,-4.5454783,-2.4454784,-4.1154785,-1.7054785,-2.0454786,-1.0654786,-0.2754785,0.9545215,0.27452147
-4.7454786,-4.2554784,-3.4754784,-3.1854784,-3.1654785,-3.2954786,-2.7554786,-2.8654785,-2.2754786,-1.8354785,-1.3054786,-1.0754786,-2.0554786,-3.2354784,-3.2554786,-2.8354785,-3.0754786,-3.3454785,-3.7454786,-3.5654786,-4.6354785,-6.7754784,-7.1254787,-6.2254786,-4.8754787,-3.5654786,-2.3454785,-2.0954785,-2.6954784,-2.6154785,-2.2054784,-0.5754785,-0.15547852,-0.38547853,-0.16547851,-0.4954785,-0.90547854,-1.1454785,-0.6154785,-0.44547853,-1.3754785,0.6945215,-1.8254786,-1.6454785,-1.7654785,-3.2454786,-3.5054786,-6.4854784,-5.3654785,-3.4754784,-3.0154786,-1.6154785,-0.5554785,-0.65547854,0.71452147,1.5545214,0.24452148,-0.7954785
-5.4454784,-4.5254784,-3.9154785,-3.7454786,-3.6754785,-3.5554786,-2.3654785,-2.9054785,-3.5654786,-0.9454785,-1.3654785,-1.6454785,-1.6854786,-1.6354785,-1.3154786,-1.9154785,-2.2354784,-2.0854785,-2.7854786,-1.9954785,-2.6954784,-4.7754784,-4.6654787,-1.7554785,-1.5254785,-2.5154786,-1.6654785,0.11452148,1.5045215,1.9745215,2.0745215,1.6845214,1.4545215,0.4145215,-0.65547854,-0.84547853,-0.7354785,-0.6854785,-1.0554786,-1.5554786,-1.4354786,-0.5754785,0.6145215,-1.9354786,-1.5854785,-2.5354786,-5.9654784,-4.8054786,-3.9354784,-2.4654784,-1.9754785,-0.3154785,-0.7054785,-0.3354785,-0.9854785,-0.045478515,0.27452147,-0.65547854
-3.8754785,-3.4754784,-3.8754785,-2.1854784,-1.8154786,-1.9554785,-3.0454786,-3.5054786,-1.9354786,-0.72547853,-1.2654785,-0.20547852,0.13452148,-0.8254785,-1.1554785,-1.2654785,-2.2454786,-2.1254785,-1.9954785,-2.6154785,-1.9254785,-0.8654785,-1.1454785,-1.2854785,1.1345215,2.2345214,2.3645215,2.4645214,3.0545216,3.0745215,2.4145215,1.4745215,1.0045215,0.6445215,-0.53547853,-1.1854786,-0.8754785,-0.7354785,-1.3154786,-1.9154785,-2.3954785,-2.6854784,-1.2254785,-1.1854786,-2.0154786,-1.8054786,-4.7854786,-4.1954784,-4.1654787,-3.4354784,-2.8554785,-2.3754785,0.39452147,-0.59547853,-0.2554785,-1.0654786,-0.5754785,-0.9554785
-3.1754785,-3.9054785,-2.2254784,-1.8654785,-0.4654785,-1.4354786,-1.7154785,-2.4054785,-1.8454785,-1.6454785,-0.0054785158,0.7645215,0.84452146,0.6745215,0.4645215,-0.32547852,0.6345215,0.30452147,0.42452148,1.1845214,0.5045215,0.014521484,2.7345214,3.2945216,2.1445215,2.8445215,2.9545214,2.5645216,2.7945216,3.1645215,2.9045215,2.7045214,1.6045215,0.5045215,0.22452149,-0.4054785,-1.0854785,-1.1154785,-1.2354785,-2.1154785,-3.0054786,-1.6354785,-3.3054786,-0.0054785158,-1.9954785,-1.7354785,-1.5254785,-4.7054787,-1.8354785,-5.0654783,-3.8154786,-2.9854784,-1.0954785,-0.045478515,-1.1954786,-1.4554785,-0.8654785,0.9245215
-2.0454786,-2.1754785,-1.6254785,-1.1754785,-0.38547853,0.77452147,-0.115478516,-2.1454785,-1.7654785,-0.38547853,0.7945215,1.7645215,1.6245215,2.9645214,2.8745215,1.6645215,0.36452147,0.8745215,0.13452148,1.0345215,3.3645215,3.3345215,2.9045215,3.3445215,3.1445215,2.9545214,3.2545214,2.1345215,2.4145215,3.0445216,2.7645216,2.0045214,1.6445215,2.2545214,1.0145215,0.07452148,-0.3354785,-1.3654785,-1.7954785,-2.2454786,-3.0654786,-4.5054784,-3.6254785,-3.5254786,1.2345215,-1.8354785,-1.4854785,-1.2554785,-1.6554785,-2.2454786,-1.2754785,-4.6854787,-2.7854786,0.23452148,0.8145215,-0.32547852,-0.9354785,-1.4854785
-0.9154785,-0.025478516,-1.0954785,-1.3754785,0.18452148,-0.115478516,-0.035478517,0.21452148,-0.23547852,0.9245215,1.4745215,1.6245215,1.7345215,1.1145215,1.9945215,2.7145214,3.0145216,2.7545214,2.3845215,1.9145215,2.3645215,2.5745215,2.9145215,3.2445214,3.6645215,4.2645216,4.0745215,3.8745215,4.0845213,4.3845215,4.4045215,3.9945214,2.6245215,2.1845214,1.9645215,1.3845215,0.4145215,-0.4354785,-0.115478516,-1.0254785,-2.5654786,-3.1254785,-4.6454787,-3.9054785,-3.1554785,0.12452149,-1.9954785,-1.9554785,-0.7654785,-1.8154786,-1.9554785,-1.8954785,-2.5654786,-2.2154784,-1.2354785,-1.5754786,-2.2454786,0.014521484
1.2045215,1.5945215,2.5345216,2.2845216,0.66452146,-0.39547852,-0.22547852,-0.19547851,0.10452148,1.2245215,1.0345215,0.84452146,0.7445215,1.5245215,1.4045215,2.1745214,3.6345215,4.4745216,4.5745215,4.1145215,3.9245214,4.1145215,4.0845213,3.9445214,4.0845213,4.6545215,5.2545214,5.8545213,6.0745215,6.1345215,6.2645216,5.7245216,5.4345217,4.7345214,3.3645215,2.6445215,0.4145215,-0.10547852,1.2145215,0.71452147,0.3445215,-2.1354785,-3.5154786,-4.6954784,-4.6154785,-3.2954786,1.0245215,-2.1954784,-1.4654785,-1.7654785,-2.0754786,-2.5854785,-2.6454785,-2.7254784,-2.3254786,-2.0254786,-2.6654785,-1.8554785
2.3045216,2.5745215,2.6245215,2.5045214,1.1245215,0.13452148,-1.2154785,-0.5054785,1.2945215,-0.35547853,-1.0954785,-0.32547852,0.6945215,0.9545215,2.6945214,2.8545215,3.2945216,3.6045215,3.8745215,4.3745213,4.6045213,4.5345216,4.2845216,4.2345214,4.1145215,4.5945215,4.8745213,5.1945214,5.4545217,5.5345216,5.6245213,5.7045217,5.5745215,5.3845215,5.1745214,3.8645215,-0.09547851,1.7545215,1.3445215,-0.16547851,-0.07547852,-0.8054785,-1.8354785,-3.9954786,-4.8354783,-3.2954786,-3.4254785,0.36452147,1.7145215,-2.4254785,-3.4054785,-2.2654786,-2.6254785,-2.8454785,-3.0654786,-3.5054786,-4.1954784,-3.1754785
2.5345216,3.5145216,4.6645217,3.2145214,0.10452148,-0.12547852,0.5645215,0.9545215,-1.6354785,-1.9154785,-0.4354785,-0.48547852,1.2345215,1.9945215,2.0945215,2.7845216,3.2045214,3.5345216,3.8245215,4.0445213,4.1545215,4.0045214,4.1845217,4.0145216,3.9345214,3.7945216,4.0845213,4.5445213,4.5445213,4.9145217,5.0445213,5.0645213,5.1045213,5.3245215,4.8845215,4.8145213,2.7745216,2.6345215,2.2545214,4.3845215,1.7745215,0.24452148,-1.2954785,-1.4854785,-1.9954785,-3.2354784,-3.0854785,-2.7554786,-3.2954786,0.4445215,-0.5154785,-0.9154785,-1.9854785,-1.6154785,-2.2954786,-3.1954784,-2.8254786,-3.8054786
2.9445214,4.4045215,4.4145217,2.1745214,-0.9254785,-1.9454786,-2.2154784,-2.6754785,-1.9854785,-0.6754785,-0.6654785,1.2945215,2.2945216,3.0045214,2.9845214,2.7045214,2.6945214,3.0145216,3.1445215,3.2645216,3.3645215,3.6645215,3.8245215,3.7945216,3.8345215,3.8045216,3.9145215,4.2945213,4.7145214,4.6245213,4.7745214,4.6245213,4.7345214,4.4245214,4.2745214,4.5145216,3.7745216,3.6145215,4.1545215,3.4845214,3.7745216,0.7645215,1.0945215,2.7945216,2.5745215,-0.35547853,-2.4054785,0.6145215,0.71452147,-0.7554785,1.3145214,2.1945214,1.4845215,2.3745215,2.4945214,-0.3154785,0.064521484,-3.6054785
4.2145214,5.9545217,2.8245215,0.8945215,-1.3854785,-0.32547852,-0.3154785,-0.71547854,-0.6254785,-0.58547854,0.9345215,1.5545214,2.1945214,2.0745215,2.3445215,2.6945214,2.7545214,2.6545215,2.9245214,2.6445215,3.0745215,3.2945216,3.6145215,4.0845213,3.6145215,3.8345215,4.1145215,4.4545217,4.7745214,5.0245214,4.6345215,5.5245214,4.6545215,3.9945214,4.4245214,4.5245214,4.0845213,3.6745214,3.2745216,3.4745214,3.8845215,3.8645215,4.5445213,5.1045213,5.2145214,4.5045214,3.5145216,3.4545214,4.2945213,3.4645214,3.1645215,3.9445214,3.4745214,0.8845215,-0.19547851,0.52452147,0.91452146,0.5145215
