static/data/gfs.json
{"header": {"discipline":0,"disciplineName":"Meteorological products","gribEdition":2,"gribLength":74317,"center":7,"centerName":"US National Weather Service - NCEP(WMC)","subcenter":0,"refTime":"2019-01-17T00:00:00.000Z","significanceOfRT":1,"significanceOfRTName":"Start of forecast","productStatus":0,"productStatusName":"Operational products","productType":1,"productTypeName":"Forecast products","productDefinitionTemplate":0,"productDefinitionTemplateName":"Analysis/forecast at horizontal level/layer at a point in time","parameterCategory":2,"parameterCategoryName":"Momentum","parameterNumber":3,"parameterNumberName":"V-component_of_wind","parameterUnit":"m.s-1","genProcessType":2,"genProcessTypeName":"Forecast","forecastTime":6,"surface1Type":103,"surface1TypeName":"Specified height level above ground","surface1Value":10.0,"surface2Type":255,"surface2TypeName":"Missing","surface2Value":0.0,"gridDefinitionTemplate":0,"gridDefinitionTemplateName":"Latitude_Longitude","numberPoints":65160,"shape":6,"shapeName":"Earth spherical with radius of 6,371,229.0 m","gridUnits":"degrees","resolution":48,"winds":"true","scanMode":0,"nx":360,"ny":181,"basicAngle":0,"lo1":0.0,"la1":90.0,"lo2":359.0,"la2":-90.0,"dx":1.0,"dy":1.0}, "data":
[rows 100 to 124 of 181, columns 0 to 57 of 360]
2.7045214,2.6345215,2.4445214,2.4445214,2.6645215,3.3245215,3.7845216,4.4745216,4.9245214,5.0145216,5.4345217,5.8945217,4.9945216,3.6645215,1.0145215,-0.055478517,0.19452149,-0.7554785,-0.52547854,-1.0054785,-1.1454785,-1.5454785,-1.9154785,-0.9554785,-0.8154785,0.064521484,-1.0854785,-0.59547853,-0.16547851,-1.0454785,-2.1454785,-1.8854785,-1.0254785,-1.4354786,-2.3654785,0.014521484,-0.9554785,-0.9254785,-1.7454785,-1.9454786,-3.6454785,-5.3254786,-4.2054787,-1.9854785,-1.2854785,-0.7954785,-3.5854785,-4.2254786,-2.4154785,-2.9054785,-3.7454786,-3.0154786,-3.5554786,-3.4454784,-2.5954785,-2.0854785,-0.7354785,1.4445214
1.9345214,1.9745215,2.0745215,2.1745214,2.4245214,2.9345214,3.4445214,3.6845214,4.1445217,4.9645214,5.3345213,5.4145217,5.0445213,3.7145214,0.2545215,0.23452148,0.3145215,0.36452147,-0.9454785,-0.8854785,-1.4554785,-1.6654785,-1.4554785,-1.5854785,-0.9854785,-0.5654785,-0.52547854,0.4945215,0.18452148,-0.20547852,-2.1454785,-0.84547853,-1.4954785,-1.3554785,0.014521484,-0.7454785,-1.4954785,-1.7954785,-1.4254785,-1.5754786,-1.6854786,-4.7954783,-3.7254784,-3.0454786,-2.5354786,-0.8554785,-0.025478516,-2.3254786,-1.6354785,0.90452147,0.52452147,-1.1954786,-1.9154785,-1.9754785,-2.1654785,-1.7254785,-0.7954785,1.1445215
1.8145214,1.9545215,1.9145215,2.1145215,2.5345216,3.0845215,3.1845214,3.6645215,4.0245214,4.4145217,4.4945216,4.6245213,5.4645214,5.8845215,0.33452147,0.064521484,-0.3454785,-0.3754785,0.13452148,-0.6854785,-0.6954785,-1.7854785,-3.2554786,-1.1754785,-1.7854785,-2.1254785,-0.96547854,0.13452148,-1.0654786,-0.4954785,0.16452149,-1.3754785,-0.77547854,-2.2454786,0.014521484,-1.1054785,-0.20547852,-0.72547853,-1.2854785,-1.9854785,-1.3654785,-4.8754787,-4.5254784,-3.3554785,-4.2854786,-1.3154786,1.3445215,0.2545215,-0.6254785,2.7545214,3.1745214,1.1045215,-3.1354785,-4.7854786,-3.8454785,-1.2654785,-1.2854785,-0.21547851
1.9245214,1.7245215,1.9145215,2.2845216,2.7645216,3.1245215,3.7345214,3.7545214,4.0545216,4.1845217,4.6445217,4.6945214,5.1245213,1.5245215,0.20452148,-0.14547852,-0.0054785158,-0.10547852,0.014521484,-0.44547853,-0.6854785,-0.5154785,-2.5454786,-2.5554786,-1.4654785,-0.9454785,-1.6554785,-2.0754786,-1.2554785,-0.72547853,-0.90547854,-0.97547853,-1.5054785,-2.2554786,-0.14547852,-1.7454785,-0.41547853,-0.19547851,-1.3354785,-2.0254786,-1.6454785,-5.7554784,-5.7654786,-4.2854786,-3.9954786,-2.6254785,-0.6054785,-0.16547851,0.2545215,0.3445215,5.9445214,0.4745215,-3.9454784,-4.2054787,-4.3354783,-3.5254786,-2.0654786,-1.3854785
2.0545216,2.1345215,1.9845215,2.3445215,2.4345214,2.9845214,3.6045215,4.1545215,4.6145215,5.1445217,4.8745213,4.8345213,5.0845213,-0.3754785,-0.2854785,-1.1654785,-0.8854785,-0.72547853,-0.6754785,-0.6754785,-0.78547853,-0.6854785,-0.90547854,-2.5054786,-0.39547852,-1.1654785,-0.42547852,-0.23547852,-1.1654785,-2.1754785,-0.97547853,-0.58547854,-2.5654786,-1.7654785,-0.32547852,-4.3154783,-1.0154785,-1.1154785,-1.4554785,-1.3854785,-2.3354785,-6.8554783,-6.1154785,-4.6354785,-3.9954786,-1.1054785,2.0745215,0.044521485,0.36452147,-0.19547851,1.6845214,1.6745214,-2.5754786,-2.4754784,-2.5754786,-2.4254785,-2.0254786,-1.6054785
0.77452147,1.5645214,2.0145216,1.9045215,2.0345216,2.7945216,3.2645216,4.2145214,4.2145214,4.2245216,4.6645217,4.4445214,4.2145214,0.45452148,-1.1554785,-1.9154785,-1.5454785,-1.5154785,-1.5654786,-1.2454785,-1.1954786,-1.0154785,-1.5854785,-1.7754785,-2.6754785,-1.0254785,-0.4354785,-0.3354785,-0.71547854,-0.3154785,-1.0454785,-1.8454785,-1.6854786,-1.6154785,-1.7554785,-1.0754786,-1.0854785,-1.2954785,-2.4354784,-2.7854786,-2.9954786,-7.3954787,-6.1754785,-4.4754786,-3.0754786,0.10452148,1.0945215,0.77452147,0.3445215,-0.4054785,0.6445215,1.2345215,-2.3154786,-2.3754785,-2.2354784,-1.0854785,-0.7654785,-1.7754785
2.2245214,1.2145215,1.2445215,1.4645215,2.1245215,2.7545214,3.2145214,3.7045214,3.8145216,3.7745216,3.5645216,3.5745215,1.6045215,-0.7054785,-0.2854785,-1.1954786,-1.9654785,-2.4754784,-2.2054784,-1.7054785,-1.6354785,-1.6154785,-1.0954785,-1.5154785,-1.8254786,0.6245215,0.4345215,0.4145215,0.14452149,0.2545215,-0.5654785,-0.10547852,-0.13547851,-1.7454785,-1.6954786,-2.2554786,-1.8654785,-2.3454785,-2.6854784,-2.7954786,-3.6954784,-7.6654787,-5.9754786,-4.7354784,-2.9254785,-0.9854785,-0.2554785,-0.78547853,-0.9354785,0.7045215,0.72452146,-1.4454786,-2.4154785,-2.4954786,-1.8854785,-1.0754786,-1.2954785,-1.9354786
0.07452148,0.36452147,1.4445214,1.1045215,2.0645216,2.7245214,3.2145214,3.4845214,3.5945215,3.4145215,3.9745214,3.4345214,0.23452148,-0.8554785,-0.5154785,1.5045215,0.9845215,-2.0154786,-2.1454785,-2.1854784,-2.1554785,-1.7654785,-1.7554785,-1.8554785,-1.6754785,-1.4954785,-1.5054785,0.5745215,-0.16547851,-0.06547852,0.52452147,0.19452149,0.26452148,0.024521485,-1.3854785,-1.1254785,-1.6254785,-0.8854785,-2.2554786,-4.3354783,-8.625479,-7.6554785,-5.9054785,-4.1354785,-3.3154786,-1.1254785,-1.5954785,-0.035478517,-0.2754785,-0.16547851,1.9345214,-2.3454785,-3.3554785,-2.3254786,-2.1054785,-1.9454786,-2.1354785,-2.5654786
3.2245214,2.6645215,2.9745214,2.8645215,2.7945216,2.7445214,2.9945214,3.5445216,3.8645215,4.0445213,4.2545214,3.1445215,2.1345215,-0.2554785,0.59452146,3.5045214,4.4145217,-1.0654786,-1.0354785,-1.9454786,-2.2454786,-2.2654786,-2.5154786,-3.2554786,-3.1954784,-1.3954785,-0.20547852,1.1245215,0.024521485,1.4345214,1.3845215,1.8645215,1.6145215,0.20452148,1.0445215,1.7645215,-0.58547854,-1.2154785,-5.9554787,-7.7554784,-8.545479,-7.3254786,-5.1354785,-3.7454786,-1.6654785,-2.1454785,-2.4754784,-1.1054785,-1.4054785,-0.8754785,-0.9854785,-2.6054785,-2.5254786,-2.7154784,-2.7654786,-1.6854786,-2.5054786,-3.0454786
3.4645214,3.0745215,2.5845215,2.4945214,2.6945214,3.1245215,3.3445215,3.7445214,4.1845217,4.5445213,4.5845213,3.9145215,1.9045215,0.9845215,-0.06547852,3.2645216,4.1445217,0.12452149,0.9245215,-1.1454785,-1.9654785,-2.3054786,-2.7554786,-3.3154786,-3.5154786,-3.0454786,-1.2254785,-0.97547853,0.14452149,1.7745215,2.4845214,2.9745214,1.6045215,-0.3354785,0.10452148,1.4445214,-0.2754785,-6.8154783,-7.4354787,-8.265478,-8.255479,-6.8154783,-5.3954787,-3.2954786,-3.4554784,-1.7054785,-2.3454785,-1.4354786,-1.7354785,-1.5654786,-3.0954785,-3.1154785,-3.4354784,-3.2554786,-2.3754785,-2.3454785,-2.2354784,-3.7154784
2.8845215,2.4845214,2.5545216,2.7745216,3.3345215,3.6645215,3.8445215,4.0545216,4.4845214,5.1445217,5.4945216,5.1745214,2.6145215,0.094521485,-0.38547853,1.4945215,3.3345215,-0.7354785,-0.72547853,-2.3254786,-2.3254786,-3.0554786,-2.3954785,-2.4254785,-2.7954786,-2.6554785,-3.4454784,-2.7854786,-0.045478515,1.9345214,2.1545215,2.0445216,2.3045216,0.5045215,1.9545215,1.8245215,-0.8954785,-9.145478,-8.855478,-8.685478,-7.8654785,-7.0254784,-5.3754787,-3.3154786,-3.6754785,-1.7854785,-1.7354785,-1.4054785,-1.4154785,-5.2354784,-5.0854783,-3.7654786,-3.9554784,-3.6854784,-3.1454785,-2.5754786,-2.7754786,-2.8654785
2.5945215,2.6545215,2.7545214,3.2245214,3.6445215,4.1145215,4.3445215,4.4745216,4.7045217,5.6445217,6.5545216,6.2345214,4.6645217,0.7045215,-0.6454785,1.3845215,2.6045215,2.2245214,0.66452146,-1.7954785,-3.1354785,-2.2454786,-3.5154786,-3.6954784,-3.7154784,-3.9054785,-4.8754787,-2.7854786,-2.3854785,0.24452148,2.0645216,2.2945216,2.5245216,1.0845215,1.5645214,0.53452146,-4.7554784,-9.305478,-9.285479,-8.745479,-7.8354783,-6.4954786,-4.4754786,-2.5654786,-1.7354785,-3.2054784,-1.9354786,-1.5654786,-1.2054785,-6.4954786,-6.2954783,-4.5854783,-4.6654787,-4.1654787,-3.5254786,-3.3154786,-3.2854786,-3.3354785
2.8945215,2.8745215,3.1845214,3.6845214,4.0845213,4.5645213,4.7745214,4.7945213,4.8445215,5.2045217,6.0545216,7.4245214,6.5345216,4.2345214,0.4345215,0.9845215,1.0245215,0.8945215,5.1645217,-2.9754784,-3.1854784,-2.9554784,-3.0754786,-3.3754785,-5.2854786,-5.1854787,-4.8854785,-3.7954786,-3.0154786,-2.7254784,4.2945213,4.8145213,5.2045217,3.4945214,1.3145214,0.22452149,-5.4654784,-9.335479,-9.445478,-8.805478,-7.6054783,-5.9454784,-4.1354785,-2.0254786,-1.0154785,-2.0254786,-1.8754785,-1.4654785,-2.6654785,-6.9154787,-6.7354784,-6.1554785,-5.2354784,-3.4754784,-1.7454785,-1.6754785,-5.6754785,-5.0454783
3.1745214,3.0945215,3.1845214,3.6345215,3.9945214,4.5145216,4.7045217,4.7745214,5.0645213,5.5445213,5.8445215,6.2445216,6.9245214,6.0045214,4.1545215,-0.035478517,1.0945215,3.3845215,6.3145213,-0.5154785,-3.7454786,-3.6054785,-4.2454786,-3.7454786,-6.2154784,-5.4054785,-5.1354785,-5.3354783,-4.2154784,0.26452148,1.0845215,6.4145217,7.0345216,6.1145215,3.5945215,0.65452147,-7.0354786,-8.795479,-8.755479,-7.3654785,-6.3454785,-4.6054783,-2.8154786,-1.7654785,-1.3054786,-1.2954785,-2.2754786,-0.48547852,-6.5654783,-7.5354786,-7.0454783,-6.7554784,-6.0354786,-3.3154786,-3.8454785,-4.2554784,-5.3354783,-5.7054787
3.3345215,3.3045216,3.2545214,3.0745215,3.8645215,4.6645217,4.7545214,4.9545217,5.2945213,5.5245214,5.8645215,5.8745213,6.3545213,6.6445217,5.2145214,-1.9154785,0.15452148,3.0145216,5.6545215,5.7445216,3.7945216,1.8245215,-3.9954786,-6.0354786,-7.3254786,-4.3254786,-3.3854785,-4.1554785,-1.8654785,0.96452147,1.0745215,5.6145215,7.8145213,6.4545217,4.8845215,-1.1254785,-6.7754784,-8.045479,-7.2954783,-5.8454785,-4.6254787,-3.5054786,-2.2754786,-1.6254785,-1.3954785,-2.7454786,-1.0654786,-1.5654786,-8.305478,-7.6754785,-6.9154787,-7.0554786,-6.4054785,-4.6354785,-5.0354786,-4.8154783,-5.0354786,-5.5554786
3.5545216,3.7645216,3.4845214,3.3245215,3.7945216,4.8145213,5.1645217,5.3345213,5.5945215,6.2245216,6.7645216,6.9645214,6.7145214,6.5845213,5.8545213,-1.0554786,-0.59547853,0.9445215,2.8545215,2.0645216,3.7745216,3.1045215,1.5645214,-2.4854784,-8.435478,-4.5654783,-1.8654785,-0.4354785,0.65452147,2.1545215,1.2645215,3.0245216,6.7645216,6.5445213,4.9945216,-3.7754786,-6.7854786,-6.9854784,-4.9054785,-3.5754786,-2.9854784,-2.1454785,-1.0854785,-0.7654785,-0.77547854,-0.84547853,-2.5054786,-0.8754785,-9.635479,-8.055478,-7.0754786,-5.8554783,-5.2554784,-6.4454784,-4.6554785,-5.5854783,-4.9054785,-5.3154783
3.0345216,2.8645215,2.9545214,2.7745216,3.0245216,3.9745214,4.8745213,5.0445213,5.1945214,5.5145216,6.0145216,6.6945214,7.6445217,7.6945214,6.3445215,2.4345214,-0.3154785,-0.6854785,3.7445214,0.6745215,4.4145217,4.4045215,2.2145214,-0.5154785,-6.7254786,-4.6454787,-5.8854785,-4.3554783,-0.09547851,1.4845215,2.0745215,2.1745214,3.9045215,10.034521,8.014522,5.3045216,-6.1954784,-3.3554785,-0.2554785,2.1045215,1.1045215,0.91452146,1.5145215,1.4045215,1.5845215,1.4745215,-1.4254785,-7.0654783,-9.475478,-7.8854785,-7.0954785,-6.0254784,-5.3254786,-6.4154787,-5.6754785,-4.6854787,-5.2454786,-4.4654784
2.1545215,2.1645215,1.9345214,1.2945215,0.7045215,1.5145215,4.3245215,4.9645214,4.9245214,5.7045217,6.1745214,6.6345215,6.8845215,7.0145216,7.4545217,7.3545213,0.5045215,-0.3354785,2.2745216,-0.5754785,5.5045214,3.6545215,-0.3154785,-0.20547852,-4.7954783,-5.6854787,-5.9054785,-3.2854786,-2.0354786,-0.71547854,0.3445215,1.1045215,3.2545214,6.3345213,6.8145213,4.8545213,1.8345215,-0.5054785,-0.41547853,0.91452146,4.5645213,5.4945216,4.5745215,4.5945215,2.3745215,2.0045214,-3.0154786,-6.3254786,-5.9454784,-6.3354783,-6.4254785,-6.2454786,-5.6054783,-6.5954785,-5.1054783,-3.4654784,-3.1954784,-5.9754786
1.9445214,1.1245215,-0.90547854,-0.59547853,0.7945215,-0.72547853,2.2745216,4.6345215,4.7045217,5.7345214,6.4045215,6.8345213,7.0445213,6.6545215,5.9445214,4.8945217,1.9845215,0.8345215,0.07452148,1.1345215,3.3645215,4.5345216,0.5145215,-1.7754785,-2.5754786,-4.0154786,-5.1754785,-5.1854787,-2.0054786,0.21452148,-1.1154785,0.4145215,0.97452146,3.6045215,3.4345214,3.1345215,1.6845214,-0.035478517,-0.65547854,0.7545215,2.0645216,3.7845216,5.3345213,5.3145213,5.3545213,1.7445215,-1.5754786,-4.9154787,-5.4754786,-6.0454783,-5.3654785,-5.1554785,-4.8054786,-5.8254786,-5.1454787,-3.2354784,-2.9654784,-5.9754786
2.9645214,1.1245215,0.38452148,0.07452148,0.26452148,-1.0554786,1.5845215,3.9845214,3.9945214,5.3945217,6.1945214,6.3245215,6.6445217,6.3045216,6.2045217,4.7045217,2.5145216,-0.18547851,1.0945215,0.59452146,3.4945214,3.5645216,1.8145214,-0.5154785,-2.6254785,-6.6354785,-7.6954784,-5.7154784,-1.7154785,0.12452149,-1.1054785,-0.8654785,1.5045215,2.7645216,2.9545214,1.2445215,0.6345215,0.5745215,0.78452146,0.45452148,1.3545215,1.6145215,1.3345215,1.8845215,3.9245214,5.2245216,2.5045214,-2.6154785,-4.8654785,-5.3354783,-5.2454786,-5.1854787,-5.4654784,-5.9854784,-5.7054787,-3.0454786,-2.9054785,-5.7654786
0.27452147,0.8745215,2.4945214,2.9245214,3.0845215,2.3145216,1.7145215,2.9945214,3.7545214,4.3345213,5.9445214,5.9645214,6.1545215,6.2145214,6.3645215,6.0945215,3.9045215,-2.2354784,0.094521485,1.3245215,2.7745216,2.3145216,0.07452148,0.78452146,-1.4754785,-6.6354785,-9.635479,-7.3754787,-2.7154784,-1.9554785,-1.0754786,-0.6454785,-0.6254785,1.3245215,2.7345214,3.4545214,2.0645216,0.4145215,1.9845215,2.6045215,2.7145214,3.2045214,3.2345214,2.4045215,2.1545215,3.6345215,2.6945214,1.8645215,-3.2954786,-4.2554784,-3.4454784,-3.7154784,-3.7454786,-4.0054784,-5.7354784,-3.9354784,-3.4554784,-5.8354783
-2.5354786,-1.5654786,-0.3054785,0.45452148,1.7245215,2.4745214,0.5045215,2.3645215,3.5845215,3.4545214,5.3745213,5.6445217,6.0345216,6.1345215,6.7245216,6.5945215,4.9045215,-0.2754785,-2.5954785,0.6845215,2.3145216,0.14452149,-1.1754785,1.2445215,-0.7454785,-2.5054786,-5.7254786,-5.9754786,-2.5354786,0.034521483,-3.9154785,-3.8254786,-0.84547853,1.1445215,2.1345215,3.2445214,4.4445214,4.5445213,4.1845217,4.9045215,5.4345217,6.2245216,6.2145214,6.3045216,6.1045213,6.4945216,6.7345214,2.9845214,0.4645215,-4.2254786,-1.9154785,-0.8254785,-1.2954785,-2.8254786,-4.2554784,-5.6554785,-4.1654787,-4.2754784
1.8045214,1.3245215,2.3245215,3.0345216,3.9645214,3.7145214,1.7145215,-0.36547852,3.0345216,0.72452146,4.3945217,4.6345215,5.6745214,5.6145215,6.6945214,7.1445217,5.9945216,1.0545214,-5.5354786,-0.84547853,-0.035478517,1.5445215,2.3345215,0.90452147,-0.6954785,-1.6254785,-1.2254785,-0.29547852,-0.22547852,-3.2954786,-5.8754787,-2.4454784,-0.045478515,1.4345214,2.3545215,3.5645216,4.4345217,4.7645216,4.9845214,5.7845216,5.8545213,6.0145216,7.0245214,7.8445215,8.404522,9.174521,7.0645213,6.0145216,5.6245213,3.2445214,1.5445215,1.4545215,-0.2854785,-1.5554786,-4.3254786,-5.7354784,-5.3854785,-4.3154783
4.1245213,2.8345215,3.8945215,4.8845215,4.3845215,3.8445215,2.8845215,-0.9854785,3.0645216,-1.3454785,2.6745214,3.6645215,5.0945215,5.3245215,6.3745213,7.8445215,7.5245214,3.4345214,-5.8754787,-0.9154785,-0.3754785,-1.1854786,-1.2854785,-0.6354785,-0.115478516,0.59452146,0.054521486,-0.9454785,-5.5454783,-5.8754787,-3.0954785,-1.4154785,0.07452148,1.3245215,1.7845215,2.5345216,3.4745214,4.2645216,4.6745214,4.6645217,5.5345216,5.8745213,6.7745214,7.6945214,8.534521,9.044521,9.394522,9.024522,8.394522,7.8745213,6.8645215,5.6045213,4.4345217,4.3045216,1.2645215,-3.7954786,-4.4254785,-4.6354785
4.6745214,2.6945214,2.3645215,4.2745214,5.5745215,3.4145215,2.5545216,2.7445214,3.7245214,-2.4254785,0.38452148,2.6345215,4.4145217,4.4045215,6.3545213,7.9345217,8.544521,5.7245216,-5.6054783,-1.7154785,-0.29547852,-0.5054785,-0.5454785,0.4445215,-0.52547854,-1.1254785,-2.4554784,-6.4454784,-3.6454785,-1.9454786,-1.5154785,-1.0354785,-0.5154785,0.15452148,1.5445215,1.7245215,2.2445214,3.0145216,4.0045214,4.8045216,5.2645216,5.9645214,6.5245214,7.2645216,8.374521,8.694522,9.334521,9.3845215,9.454521,9.314522,8.964521,8.704521,7.9245214,7.4445214,6.6445217,3.3045216,0.6845215,-0.085478514
